0.010497 0.420568
0.010487 0.420430
0.010476 0.420398
0.010489 0.420452
0.010487 0.420420
0.010498 0.420375
0.010493 0.420324
0.010473 0.420195
0.010477 0.420299
0.010452 0.420252
0.010455 0.420334
0.010405 0.420305
0.010406 0.420201
0.010418 0.420180
0.010420 0.420178
0.010411 0.420066
0.010426 0.419937
0.010415 0.419970
0.010389 0.419885
0.010375 0.419866
0.010348 0.419828
0.010361 0.419798
0.010376 0.419807
0.010382 0.419838
0.010377 0.419779
0.010396 0.419814
0.010408 0.419859
0.010405 0.419753
0.010418 0.419793
0.010379 0.419635
0.010399 0.419668
0.010406 0.419756
0.010409 0.419776
0.010403 0.419816
0.010407 0.419812
0.010407 0.419847
0.010400 0.419729
0.010410 0.419817
0.010385 0.419708
0.010376 0.419722
0.010362 0.419607
0.010351 0.419568
0.010347 0.419689
0.010349 0.419696
0.010361 0.419607
0.010358 0.419666
0.010382 0.419807
0.010389 0.419889
0.010367 0.419909
0.010369 0.419872
0.010365 0.420169
0.010358 0.420240
0.010354 0.420323
0.010357 0.420385
0.010363 0.420328
0.010340 0.420427
0.010324 0.420449
0.010335 0.420477
0.010337 0.420427
0.010336 0.420466
0.010343 0.420520
0.010337 0.420559
0.010363 0.420689
0.010375 0.420676
0.010375 0.420691
0.010380 0.420699
0.010425 0.420920
0.010444 0.420914
0.010441 0.420882
0.010444 0.420930
0.010412 0.420890
0.010453 0.421013
0.010458 0.421165
0.010485 0.421307
0.010480 0.421384
0.010467 0.421331
0.010471 0.421417
0.010465 0.421441
0.010472 0.421537
0.010503 0.421712
0.010500 0.421831
0.010510 0.421811
0.010516 0.421866
0.010483 0.422015
0.010489 0.422088
0.010489 0.422124
0.010497 0.422165
0.010510 0.422259
0.010503 0.422355
0.010522 0.422485
0.010508 0.422662
0.010528 0.422707
0.010538 0.422866
0.010553 0.422864
0.010548 0.423068
0.010553 0.423229
0.010570 0.423341
0.010600 0.423516
0.010632 0.423700
0.010645 0.423718
0.010655 0.423716
0.010657 0.423757
