20 10 2
-2.200547
-0.014950 -0.811248 
-0.958252 0.657061 

-0.426441 -0.453668 
-0.119844 0.664551 

0.631772 -0.174084 
0.284706 -0.014932 

0.324954 0.807966 
-0.356475 0.351009 

0.606618 -0.984976 
0.553864 0.184468 

0.239512 -0.291784 
-0.446216 0.009816 

0.425055 -0.871389 
-0.872351 0.043876 

0.367054 0.022062 
0.040753 -0.116587 

0.008954 -0.114137 
-0.799896 0.619704 

0.975855 0.598714 
0.956929 0.658596 


-0.293277
-0.410228 0.435388 
-0.461931 -0.123953 

-0.220771 -0.287106 
0.232735 -0.461429 

0.653647 -0.455708 
0.079558 -0.421960 

0.785878 -0.106787 
-0.414254 0.871914 

0.889898 0.947602 
-0.178995 -0.372713 

-0.227689 1.302803 
0.932323 0.000135 

1.174802 0.472765 
-0.624807 0.410155 

-0.219151 -0.433526 
-0.699648 0.017661 

1.027703 -0.086445 
0.997288 -0.607535 

0.169881 -0.148562 
-0.488038 -0.338029 


-2.620850
0.124856 -0.221075 
0.955525 -0.078878 

-0.643581 0.757266 
0.667946 -0.045805 

-0.792741 0.574849 
-0.476265 -0.022344 

0.445052 0.945707 
0.267553 -0.064316 

-0.408658 0.955821 
0.143799 0.721487 

0.764638 1.193377 
0.604035 1.061710 

0.179158 -0.427175 
-0.498714 0.920591 

0.738656 1.200076 
0.021030 -0.531461 

-0.482494 -0.094833 
0.185813 -0.325311 

-0.728873 -0.474418 
0.128333 -0.749356 


-3.031583
0.894827 0.987629 
1.000299 0.009264 

0.454508 0.403860 
-0.124805 -0.023205 

0.187769 0.766640 
0.165179 0.558230 

0.483405 -0.250612 
0.558638 -0.581952 

0.107102 0.975336 
0.073762 1.169563 

-0.608884 0.153170 
-0.442839 0.523342 

0.346747 -0.714403 
0.053086 -0.532356 

0.368596 -0.525923 
-0.291766 0.026127 

1.132219 -0.586683 
0.864940 0.505689 

0.477410 -0.595576 
-0.835602 -0.346194 


-3.956509
0.893957 0.589310 
0.792568 -0.149295 

0.282970 -0.404154 
-0.219642 0.522973 

0.689099 0.173793 
-0.091951 -0.009672 

0.294436 0.853918 
0.305151 -0.548943 

1.043362 0.731758 
0.274731 1.068928 

1.016162 0.019272 
0.408962 0.513883 

0.299617 0.420935 
1.028647 0.358725 

-0.352327 1.052260 
-0.192933 -0.521288 

0.545750 -0.499508 
0.197462 -0.238961 

-0.066356 0.790285 
-0.863152 -0.467126 


-2.055268
0.327439 0.960347 
-0.391829 -0.517251 

-0.811309 -0.541613 
-0.912806 0.386551 

-0.387774 1.056391 
-0.602846 0.834951 

0.537741 0.710760 
0.341925 0.509458 

-0.215258 0.671193 
0.275296 0.508550 

1.150515 -0.261951 
0.893710 0.124488 

0.208102 -0.377135 
-0.266111 0.242484 

0.130041 0.560208 
-0.809442 -0.553272 

0.432670 -0.378587 
-0.245432 0.585710 

0.170531 -0.117763 
0.056509 0.592569 


-1.246068
0.357911 0.927427 
-0.595844 -0.192655 

0.906404 0.072944 
-0.347232 -0.029243 

-0.812357 0.163999 
0.594759 0.467656 

-0.909133 -0.079890 
0.364296 -0.619587 

-0.603713 1.062992 
0.165732 0.924334 

0.007347 0.901103 
-0.230394 -0.542069 

-0.587448 0.793548 
0.413672 -0.794060 

-0.646419 0.556507 
0.379307 0.540638 

0.338024 0.674955 
-0.753552 0.122187 

-0.555236 -0.353413 
0.806879 -0.331722 


-0.013569
0.258790 -0.806838 
-0.860087 -0.122834 

-0.153467 -0.648907 
0.192700 -0.462555 

0.870852 0.511777 
-0.071375 0.328300 

-0.088784 -0.443779 
-0.235092 -0.522035 

-0.562407 0.426830 
-0.326614 -0.050669 

0.288759 0.162866 
-0.271041 -0.558124 

0.131514 -0.486198 
-0.278125 -0.594940 

-0.287738 0.198030 
0.630356 0.955120 

0.263518 0.499274 
-0.317672 -0.992413 

1.118388 1.076467 
-0.154182 0.823802 


-1.611360
0.148395 0.957427 
0.838875 -0.365148 

-0.360107 -0.017055 
0.923901 0.783013 

0.341124 -0.890390 
-0.501864 0.691145 

-0.305017 -0.153473 
-0.718755 0.647066 

-0.727362 1.051221 
-0.128620 0.842837 

-0.427699 -0.088292 
0.578844 -0.604009 

0.395522 0.126673 
0.525739 -0.310004 

0.787706 0.205489 
-0.820321 -0.014979 

0.054447 0.985680 
0.457279 0.540593 

-0.349476 0.100229 
-0.014354 -0.975064 


-4.755226
1.048104 0.021293 
-0.346592 0.138542 

-0.627197 0.222265 
-0.090408 0.565202 

0.297663 0.771595 
-0.481954 0.258949 

0.211514 1.070753 
0.934562 -0.572733 

0.084456 1.025693 
0.675267 -0.348932 

0.839911 0.692428 
0.029167 0.888419 

0.044383 0.488392 
0.690118 0.386588 

0.803400 -0.853155 
-0.439650 0.656825 

0.042204 0.162407 
-0.290114 0.295724 

-0.910702 0.340548 
-0.418999 0.365864 


-0.857547
0.967747 -0.318535 
0.582677 -0.480261 

-0.154875 -0.335498 
0.114368 -0.513605 

-0.617773 -0.159480 
0.018777 0.372102 

-0.540112 0.291328 
0.431395 -0.925109 

-0.097027 0.809564 
-0.359977 0.715187 

0.314160 -0.557689 
-0.935709 -0.286335 

0.227485 1.045304 
1.020088 -0.686242 

0.746153 -0.104970 
0.988748 0.669409 

0.497227 0.453535 
-0.852511 -0.691770 

-0.872046 0.216226 
-0.230004 -0.502274 


-0.839860
0.737296 0.907939 
-0.447831 0.110647 

0.401644 -0.459425 
1.008429 -0.058943 

0.116088 0.536054 
-0.660715 0.569816 

0.629065 0.089134 
-0.303108 0.551270 

-0.015024 -0.030892 
0.245271 0.839936 

-0.252026 -0.077160 
0.286876 -0.692825 

-0.064697 0.603730 
-0.750558 -0.892174 

-0.688556 -0.316878 
-0.845384 0.907977 

-0.543384 -0.348482 
-0.025870 0.746248 

0.028291 -0.274982 
-0.400068 -0.851289 


-0.041217
0.040323 0.835735 
0.953601 -0.821159 

-0.358069 0.647689 
0.146640 0.475318 

-0.339259 -0.229260 
-0.972345 0.436528 

-0.985344 -0.793954 
-0.669708 0.560461 

-0.519573 -0.507897 
0.818544 0.156410 

-0.439728 0.782577 
0.513022 0.108594 

-0.316729 0.170337 
-0.811687 0.501323 

0.831478 -0.605456 
0.741431 -0.094550 

-0.790551 0.756113 
-0.007510 -0.227741 

0.243202 -0.982570 
-0.977398 0.895224 


-0.420212
-0.886367 0.420605 
-0.090685 -0.655963 

0.805921 -0.504680 
-0.186647 -0.743442 

-0.597075 0.962676 
-0.135227 -0.850133 

0.498936 0.982924 
-0.168945 -0.345024 

-0.946496 -0.800421 
-0.584270 -0.555919 

1.047105 0.328396 
-0.283754 0.751069 

-0.707926 0.374041 
-0.013942 -0.660770 

0.476433 0.005816 
0.204785 0.585578 

-0.674142 -0.984169 
0.868571 -0.906574 

-0.454142 -0.334500 
-0.644812 -0.141381 


-0.430717
0.060431 -0.064516 
0.844675 0.000725 

0.795297 -0.346329 
0.196821 1.023800 

-0.329389 0.317168 
0.575980 -0.982143 

-1.051495 0.299891 
-0.771811 0.279538 

-0.597983 -0.221288 
-0.169028 0.336886 

0.757062 -0.605310 
0.540362 0.861284 

-0.878356 0.672801 
-0.685425 -0.298748 

0.878128 0.028236 
0.078088 -0.047144 

0.922423 0.051716 
-0.974361 0.604252 

0.246763 -0.175618 
0.145924 -0.983381 


0.835105
-0.017312 -0.871538 
-0.578997 -0.624941 

-0.451708 0.812036 
-0.208203 0.198123 

-0.262810 -0.835575 
0.147320 0.019038 

0.775873 -0.066780 
0.157971 0.420248 

0.227645 0.756583 
0.381808 -0.703410 

-0.024559 -0.603294 
-0.691601 -1.076884 

-0.480653 0.866183 
0.428684 0.491053 

0.242181 0.591862 
0.949685 -0.697673 

0.885709 -0.633446 
-0.205069 -0.492452 

-0.540805 0.775531 
0.974196 0.196664 


-0.284877
0.128525 -0.706972 
0.820557 -0.853004 

0.470618 0.315144 
0.442586 0.382767 

-0.235589 0.844753 
-0.590004 0.297754 

-0.781357 -0.523859 
0.845484 -0.817380 

0.985452 0.453507 
0.490698 0.667124 

0.418743 0.879315 
0.622936 0.960110 

-0.263128 -0.740826 
-0.615360 -0.496672 

-0.797350 0.547621 
-0.514519 0.294469 

0.826264 -0.644451 
0.446580 0.312467 

0.577416 -0.157709 
-0.400495 -0.648214 


0.564550
0.163789 0.821467 
0.061258 0.673649 

0.673992 0.278442 
0.652530 0.159490 

-0.315919 0.265085 
-0.504211 -0.404923 

-0.184933 -0.583321 
0.204514 0.072535 

-0.129910 0.839861 
0.358134 -0.562045 

-0.642503 -0.282060 
-0.720756 -0.299555 

-0.854577 0.467912 
-0.756499 -0.099397 

-0.873011 -0.388152 
0.635319 0.164231 

-0.617603 -0.268685 
-0.183135 0.969707 

0.724620 -0.796474 
-0.175658 -0.590205 


0.607747
0.499994 0.245230 
-0.513571 0.992284 

-0.545257 0.482181 
-0.170649 -0.811968 

-0.214199 0.011426 
-0.617065 0.440183 

0.158186 -0.000261 
0.466615 -0.340404 

0.233096 -0.459921 
-0.202446 0.908287 

-0.860441 1.087052 
-0.836492 -0.140376 

-0.305507 1.067292 
-0.462993 0.019242 

-0.104707 0.066711 
-0.533760 -0.696466 

1.076954 -0.070500 
1.088925 -0.551441 

-0.836796 -0.466720 
-0.703900 -0.090277 


0.899409
-0.322050 -0.698512 
-0.409008 0.575057 

0.740884 0.215005 
-0.225529 -0.886434 

0.775683 -0.572924 
-1.013451 0.667725 

-0.652519 -0.399994 
-0.836002 -0.719975 

0.153902 0.202470 
0.186921 -0.967568 

0.543758 0.396720 
0.997742 -0.661413 

0.409898 -0.666296 
-0.457839 0.849566 

-0.429957 0.327856 
0.230929 0.124464 

0.614431 0.867640 
-0.212674 0.275662 

-0.081403 0.389087 
0.195571 -0.324340 


