10 10 3
-0.078835
-0.771529 -0.623292 -0.389872 
-1.105264 -0.109922 -0.187080 
0.653255 0.015733 -0.296354 

0.559503 -0.160294 0.600043 
-0.083134 -0.689627 -1.010852 
-0.809948 -0.817175 0.413769 

0.738916 -0.212411 -0.293292 
0.328592 -0.355016 0.760170 
0.716409 0.687084 0.442576 

0.332740 0.422707 0.618097 
-0.860645 0.728026 1.052040 
0.221183 0.811957 0.123997 

-0.700260 0.482235 -1.147988 
0.495338 0.174848 -0.142405 
0.430007 -0.762402 0.261400 

0.527377 -0.736919 0.487586 
0.097397 -0.860351 -0.734630 
0.791354 0.491844 -0.124932 

0.439081 0.107313 -0.366197 
0.076600 -0.320230 -0.845667 
-0.404158 -0.011402 0.910560 

-0.569608 -0.754803 0.654119 
0.556907 -0.194493 0.458535 
0.863962 -0.353281 -0.083808 

-0.244156 0.631924 -0.776334 
-0.731754 0.290735 -0.531626 
-0.945951 -0.418353 -0.265782 

-0.503336 -0.275933 -0.039042 
0.889698 -0.409155 -0.631478 
-0.210566 0.864844 0.151803 


-0.921108
0.859915 0.718750 0.318638 
-0.428507 0.983291 0.139494 
-0.710643 -0.193814 1.283618 

0.755512 -0.069133 -0.425886 
-0.299272 -0.190897 0.194010 
0.053016 -0.707840 1.201732 

0.104957 -0.273699 -0.170554 
0.661917 0.095486 0.439639 
0.483999 0.305604 0.415937 

-0.463672 0.222308 -0.526827 
0.443833 0.219593 -0.904460 
1.110560 0.668986 -0.968767 

-0.709481 0.718158 -0.020673 
-0.826828 0.600000 0.903596 
-0.548491 -0.505987 -0.000418 

-0.098113 0.110070 -0.273938 
-0.170662 -0.500350 0.632632 
-0.900325 -0.441716 0.076938 

0.800498 -0.796299 -0.329969 
0.645382 -0.596697 0.476102 
-0.749732 0.449149 -0.380748 

-0.406302 0.722140 -0.440398 
-0.180618 -0.821328 0.991033 
0.420085 -0.687295 0.838874 

0.082148 -0.519518 1.188887 
0.472597 0.647210 0.703734 
-0.805376 -0.121232 1.162848 

0.635940 0.018203 -1.136232 
-0.513290 -0.124257 -1.063096 
-0.176830 -0.345856 -0.540419 


0.607773
0.152540 -0.388356 -0.168925 
0.774511 -0.753680 0.027657 
-0.366161 -0.721710 -0.163792 

-0.929558 -0.804611 -0.666098 
0.395094 -0.286275 -0.641259 
0.059384 -0.571548 0.599307 

0.368146 0.467247 0.736307 
0.068234 -0.426934 0.910194 
0.529229 0.519363 -0.810501 

-0.639649 -0.553014 0.363969 
-0.336068 0.558495 0.882589 
0.534702 0.381899 1.097340 

-0.029205 -0.942072 -0.966497 
-0.684011 -0.632002 -0.480072 
0.226688 0.946878 0.415645 

1.021979 0.206553 -0.755843 
0.820941 -0.315539 0.694768 
0.470484 0.796338 -0.790709 

0.197023 0.149523 0.615630 
0.538888 0.584703 -0.971659 
-0.233471 -0.569965 0.486592 

-0.698380 -0.873684 -0.008259 
-0.646875 0.153013 0.103641 
-0.202220 0.629903 0.527116 

0.560366 -0.052557 0.337394 
0.217525 -0.157497 -0.594813 
0.463194 -0.374757 -0.186059 

0.035484 -0.899648 0.116974 
0.543253 0.642950 -0.406159 
0.636651 0.594459 -0.496956 


0.873506
-0.537791 -0.168301 0.390015 
-0.074411 0.055454 -0.528604 
0.406959 -0.716743 -1.311169 

-0.581675 -0.858605 0.757289 
0.942597 0.055063 0.325667 
0.056453 0.831338 -1.001144 

-0.417500 -0.305921 0.471140 
0.854046 -0.081483 -0.466895 
0.502963 -0.424824 -0.084811 

0.193314 -0.812749 0.530484 
-0.041763 -0.565513 -0.716320 
-0.175814 0.336372 0.336885 

0.837266 -0.504823 0.083095 
-0.667592 -0.169474 0.393592 
-0.618202 -0.363556 -0.502844 

0.811797 0.810218 -0.245804 
0.839272 -0.591895 0.303583 
0.217724 -0.713855 -0.972170 

0.541197 0.672880 -0.253009 
-0.339863 0.089443 -0.005199 
1.022872 -0.680812 0.239323 

0.798992 -0.046259 -0.481349 
0.078206 -0.091933 0.319852 
-0.233110 0.169418 -0.698131 

-0.481163 0.360972 -0.551221 
0.247664 -0.047542 -0.979751 
0.931342 -0.429571 -0.841601 

0.220250 0.812872 0.139824 
0.769929 0.587526 0.049572 
0.006203 -0.663452 0.990354 


0.045255
0.765279 0.911885 0.510016 
0.661337 0.089533 1.074161 
-0.192222 -0.886313 0.249331 

0.308374 0.212226 0.253242 
0.501089 -0.510404 -0.994253 
-0.413688 0.367944 -0.665791 

-0.393287 -0.962597 0.052408 
-0.750636 0.906684 -0.878234 
-0.676803 0.545406 0.006040 

-0.268633 0.048892 -0.660332 
-0.357272 0.020468 -0.681200 
-0.988403 -0.062535 0.458681 

0.824788 0.795003 0.824741 
0.082859 0.268325 0.063611 
-0.489615 0.044192 0.607273 

-0.698106 0.633140 0.175121 
-0.293264 -0.571335 0.312251 
0.878991 -0.282448 0.213029 

-1.065759 -0.412036 -0.612392 
-0.510311 0.313422 0.640217 
0.048682 -0.846261 -0.113807 

0.784529 -0.560485 -1.003879 
0.425473 -0.504041 0.858634 
0.342608 0.592645 0.161852 

-1.069078 0.753085 1.126665 
0.397439 -0.786727 0.795265 
-0.437669 0.060125 -0.741328 

0.522137 -0.190703 -0.296663 
-0.158880 -0.027932 0.565570 
0.583270 1.050734 0.519147 


0.323750
0.278634 0.779121 -0.314083 
0.321791 -0.754931 -0.219654 
-0.021081 -0.321336 -0.269637 

-0.816649 1.019220 0.826331 
-0.940283 0.701880 0.669609 
0.484665 0.792417 0.298444 

-0.732482 -0.123696 0.244453 
0.881977 0.780832 -0.816049 
-0.174154 -0.132558 0.917317 

-0.726291 -0.263207 0.054850 
0.597717 -0.876840 -0.128245 
-0.851314 0.442792 0.080250 

-0.343534 -0.507608 1.050679 
0.151807 -0.409825 1.003022 
-0.353511 -0.513533 0.593284 

-1.085962 -1.095843 0.423752 
0.099977 -0.880208 -0.497501 
-0.336353 -0.939200 -0.598355 

-0.029934 0.011394 0.422325 
0.007126 0.234376 1.101826 
-0.641685 -0.247856 -0.754228 

0.597743 -0.094668 0.848454 
0.012482 0.495275 -0.768495 
-0.215104 -0.533892 -0.566289 

-0.622049 0.109053 0.181856 
-1.030669 0.315257 0.275614 
0.558008 -0.131457 0.651513 

1.076247 0.680512 0.556344 
-0.559364 -0.283394 -0.582649 
0.458451 0.571033 0.460195 


0.873102
-0.903950 -0.520918 0.713238 
0.587391 0.231437 0.567520 
-0.578784 -0.313333 0.718552 

-0.063930 0.082833 0.830780 
0.247872 -0.846493 -0.163653 
0.498997 0.647619 -0.897542 

0.248582 -0.436790 0.463861 
0.159853 -0.866910 0.093093 
0.258388 -0.289508 0.612698 

-0.093551 -0.554815 0.170621 
-0.485506 -0.371713 0.768112 
-0.750230 -0.744789 0.142300 

0.300342 -0.413655 0.954469 
-0.418847 0.513056 0.161810 
-0.671561 -0.045235 0.397265 

0.204215 -0.280885 0.066485 
0.322767 -1.106850 0.663732 
-0.098846 0.074727 0.937703 

-0.704221 -0.232124 -0.032986 
0.602651 0.335458 0.359282 
0.027821 0.584254 0.931979 

0.357294 1.010684 -0.629991 
-0.505768 0.245775 -0.148195 
-0.791797 0.715297 -0.528800 

0.595192 -0.592024 1.063360 
0.038396 0.762204 0.102900 
-0.788119 0.189877 0.209246 

1.072394 -0.781137 -1.090235 
0.783176 -0.875817 -0.592084 
-0.653461 -1.273836 -1.135659 


0.467818
0.576949 -0.634075 1.405003 
-0.199468 -0.744041 -0.289843 
0.275751 0.411175 0.554831 

0.700110 0.244445 1.004315 
0.249204 0.654796 0.923844 
-0.522150 0.622931 -0.073513 

-0.172391 -0.180826 0.789331 
-0.407152 -0.151765 0.746123 
-0.623463 0.010599 -0.657872 

0.240505 0.319573 -0.354002 
0.254238 -0.291058 -0.239505 
0.266185 0.300525 -0.145875 

0.394499 -0.518502 -0.598204 
-0.564727 -0.982818 0.520496 
-0.734016 0.238690 0.145519 

-0.778504 0.739660 -0.323266 
-0.051847 -0.664871 0.299508 
-0.386670 -0.173021 0.985548 

-0.649110 0.277660 0.054177 
-0.402229 -0.758530 -0.901601 
0.106437 0.227956 -0.452099 

1.004133 -0.465417 0.827067 
-0.360843 0.713319 -0.852861 
-0.222932 -0.837810 -0.870245 

-0.598452 -0.287394 0.796446 
0.290635 -0.219234 0.459942 
0.626191 0.568501 0.629899 

-0.169592 -0.791155 -0.973439 
-0.512014 -0.851393 0.049578 
0.258024 -0.347185 0.213051 


-0.305095
-0.830340 -0.190201 1.052094 
-0.854897 0.287153 0.969651 
-0.150183 0.036628 1.065021 

0.630254 0.168804 0.814695 
0.695763 0.663423 0.236997 
0.099568 -0.536298 -0.582246 

-0.085273 0.851990 0.313438 
0.470921 0.824328 0.388108 
0.968490 -0.836476 -0.283046 

0.397394 0.128560 -0.854283 
0.036579 0.286206 0.044188 
0.049999 0.353107 -0.531127 

-0.474684 -0.788419 0.845164 
-0.973267 0.711579 0.008521 
0.488983 0.578146 -0.191044 

-0.347526 -0.143729 -0.044224 
-0.164662 0.671417 -0.071673 
-0.605993 0.208479 0.027155 

-0.864712 0.287824 0.206603 
-0.171539 -0.464553 -0.783926 
-0.034211 0.112334 0.354850 

-0.383463 -0.627423 0.015813 
0.103143 -0.378610 -0.072849 
-0.366784 -0.440732 -0.224922 

0.698117 -0.663028 -0.008021 
-0.576598 0.163435 1.206250 
0.459601 -0.849142 1.199934 

-0.181970 -0.289891 -0.122949 
0.543741 -0.474913 -0.936300 
-0.481292 0.212060 -0.222756 


0.294900
-0.342847 -0.379810 -0.505721 
0.114177 -0.107270 0.410506 
-0.768775 0.567424 1.429751 

-0.047916 -0.836709 0.088858 
-0.342955 -0.591474 0.645175 
0.242272 0.722706 0.638290 

0.113789 0.976950 0.261730 
0.445483 -0.508092 -0.612688 
-0.297531 -0.066682 -0.273446 

0.430552 -0.256758 -1.091455 
-0.587859 0.355974 -0.501466 
-0.399681 -0.439127 0.427609 

0.099200 -0.446656 0.379688 
-0.152918 0.330214 0.260041 
0.524711 -0.796821 0.794401 

0.170012 0.489109 0.516519 
-0.127164 -0.519457 0.481515 
-0.711739 0.889130 1.011474 

-0.193595 -0.120970 0.133830 
0.496173 -1.030422 0.336524 
0.294941 -1.058482 -0.484253 

-0.416381 -0.323862 0.373148 
0.742681 0.363887 0.542153 
-0.192992 -0.537076 0.108047 

-0.643291 -0.497630 0.866810 
-0.847797 0.935071 0.770262 
0.649559 0.007153 -0.405619 

0.395446 0.491390 -1.093220 
0.080757 -1.034088 -0.621940 
0.654317 0.201707 -0.707823 


