10 1 3
-0.685360
0.071493 -0.643218 0.211603 
0.010634 -1.328405 -1.282383 
-0.815812 -0.004399 2.458327 


-0.682164
0.167124 -0.170375 -0.520866 
-0.612716 -1.525168 0.010226 
-0.236509 -0.947490 2.391152 


-0.944499
0.298933 0.248589 -0.619689 
-1.104928 0.056928 0.041396 
-1.630048 1.924035 0.651794 


-1.695927
0.315527 0.327633 0.126387 
-0.238070 -1.078800 0.057098 
-0.375278 0.896057 1.963952 


-1.886587
-0.280173 0.123904 -0.488182 
0.650367 0.767467 0.125248 
1.241536 0.607961 -0.469222 


-2.438542
-0.229682 0.380881 -0.549964 
-0.523991 1.134268 0.736922 
0.428172 1.394260 0.147310 


-0.948803
-0.320258 0.305662 0.336289 
0.457844 0.124900 1.611714 
-0.871305 -1.649847 -1.045387 


-0.700401
-0.240283 0.442245 -0.138620 
-0.954588 -1.480839 -1.124136 
-0.392218 -0.605656 2.413799 


-0.764483
0.595902 0.908785 -0.269737 
1.139052 -0.948213 -1.210440 
0.840191 -0.960837 -0.989123 


-0.867371
-0.230073 -1.062465 -0.403273 
-0.854496 -0.475358 -0.396419 
-0.172309 1.253618 1.310494 


