10 1 2
-1.476156
-0.620502 1.581707 
-0.533677 1.657512 


-1.668555
1.718851 1.642625 
-0.485776 -0.591783 


-1.722768
1.733754 -0.458001 
1.674261 -0.540189 


-1.297749
-0.755622 -0.722590 
1.379472 1.417297 


0.258884
-1.073910 -1.051765 
-1.050041 -1.068180 


-3.521279
0.994855 0.995896 
0.996138 0.993099 


-0.000001
-0.848088 -0.974774 
1.270780 -0.868703 


-0.000542
1.210807 -0.912262 
-0.921629 -0.988831 


-0.000652
-0.990513 -0.896772 
-0.916003 1.249082 


-0.000313
-0.838365 1.317213 
-0.967805 -0.830425 


