10 10 3
-1.358944
0.812322 -0.004953 0.970037 
-0.885239 0.528359 -0.338407 
0.613806 0.227397 -0.503669 

0.918203 0.304445 0.680845 
0.501882 -0.747680 -0.727311 
-0.867664 0.082106 -0.116120 

-0.638115 0.271133 0.501195 
0.282992 -0.669342 -0.545725 
0.514906 0.121823 0.545132 

0.685997 -0.022157 -0.404530 
0.541330 -0.228537 0.577316 
0.498982 -0.127503 0.097952 

-0.833351 -0.513529 -0.663704 
-0.340629 -0.603833 0.633111 
-0.677121 0.890341 0.875262 

-0.419082 1.007828 -0.069589 
0.460459 -0.642453 -0.822428 
-0.057410 0.627820 -0.512054 

0.366104 0.124422 0.589510 
-0.108801 -0.205992 -0.443373 
0.479869 -0.676955 0.321531 

0.054195 0.818332 -0.808811 
-0.852404 0.970828 -0.338279 
-0.536512 -0.387994 0.035494 

-0.933268 -0.088129 -0.106844 
0.909364 0.474573 -0.115852 
-0.175194 -0.084035 0.228632 

-0.001689 0.844747 -0.154624 
0.477975 0.202805 0.962128 
0.058301 -0.914186 -0.253836 


-5.338877
-0.121865 0.109455 -0.231440 
-0.163832 0.756396 0.227288 
0.439564 -0.220267 0.285587 

-0.638486 0.692093 0.195880 
0.824806 -0.439534 1.007681 
-0.264642 0.781749 -0.007605 

-0.408916 -0.373324 -0.532496 
0.795219 -0.414385 0.521850 
0.877963 0.330308 0.127637 

0.414944 -0.623914 -0.956890 
-0.974478 0.249969 0.145447 
-0.222867 -0.915230 -0.098733 

1.053948 0.593213 0.751056 
0.325282 0.944180 0.432356 
-0.504333 0.763464 0.987531 

-0.570536 -0.583878 0.683964 
0.419684 -0.017665 -0.704203 
0.884450 -0.254568 -0.132713 

0.404357 -0.400780 -0.815315 
-0.473932 1.010620 -0.438799 
-0.435597 -0.972041 0.810129 

0.715223 -0.200814 0.893787 
-0.392636 -0.222224 0.406098 
-0.716305 -0.971515 0.265717 

0.624505 -0.549213 -0.053868 
0.523632 -0.126498 0.357472 
0.200125 -0.714561 -0.665081 

0.500787 -0.834330 0.084029 
-0.636388 0.553586 0.677850 
-0.457254 -0.938905 0.674949 


-0.042451
-0.098232 0.231897 -0.830348 
0.173635 0.251280 0.426665 
-0.207440 0.697461 -0.636929 

-0.689100 -0.433338 0.710425 
0.507134 -0.152294 -0.962548 
-0.001520 0.001973 0.108801 

0.356853 -0.454180 -0.228514 
0.896233 -0.398729 -0.567018 
-0.009803 0.210110 -0.889335 

0.884779 0.516738 -0.424832 
-0.341276 -0.581664 0.807016 
-0.171683 0.591821 0.058147 

-0.745034 -0.615752 -0.244473 
-0.382039 -0.304949 0.322103 
-0.671551 -0.797997 -0.830393 

-0.634081 0.200345 0.171455 
0.474543 -0.442886 0.717195 
-0.754204 -0.546782 -0.681632 

-0.321362 0.443284 0.528306 
-0.210794 0.327841 0.044807 
0.364168 0.986417 0.462992 

0.170998 -0.185326 0.054680 
-0.770958 0.069581 0.438820 
-0.015564 0.687500 -0.866184 

-0.693579 -0.984202 -0.664247 
-0.524037 -0.618510 0.535893 
0.647256 0.855797 -0.907217 

0.364260 -0.898536 -0.454180 
0.682455 -0.219946 0.989008 
0.210713 0.569314 0.316831 


-4.704190
-0.227062 -0.666336 0.188722 
-0.788267 0.318058 -0.123854 
-0.654496 0.624531 -0.108119 

-0.318620 -0.899822 0.272245 
-0.782875 0.747467 0.128132 
-0.690109 0.111679 0.229569 

-0.143879 -0.206013 -0.990589 
-0.155164 -0.995445 0.578613 
-0.838484 -0.740141 -0.488026 

0.464646 0.978131 -0.383587 
0.582444 -0.248992 -0.050145 
-0.230175 -0.037298 -0.732365 

0.648148 0.311940 0.895313 
-0.461215 0.993178 0.995498 
0.810932 -0.789683 0.742836 

-0.064620 -0.483619 -0.149010 
-0.835244 0.372076 0.644956 
-0.825839 -0.783237 0.649494 

0.752986 -0.621575 0.909442 
-0.735081 0.843063 0.887519 
-0.118750 0.425523 -0.361509 

0.831900 -0.804610 0.601180 
-0.901352 0.840049 -0.090656 
0.990328 -0.624615 -0.101275 

0.982105 -0.817046 0.105652 
0.721344 0.118446 0.622154 
-0.427775 0.283305 -0.005853 

-0.782917 0.457273 0.211012 
0.866522 0.210097 0.589070 
0.775786 0.474799 0.431960 


-2.169229
0.710413 -0.742597 0.451158 
-0.184470 0.978703 -0.430909 
-0.563034 -0.449369 0.852060 

0.430153 -0.233068 0.307804 
-0.359475 -0.366687 -0.482607 
-0.771077 -0.591112 0.992234 

0.660251 -0.928488 -0.652785 
-0.482888 -0.627172 -0.466366 
0.568948 -0.724839 -0.181370 

-0.538855 0.087089 0.093453 
0.728560 -0.202648 0.350100 
0.178115 0.612247 0.327840 

0.747324 -0.949902 0.878643 
0.597637 0.479935 -0.354937 
-0.095302 -0.880138 0.277869 

0.420382 -0.652627 0.685967 
0.412100 -0.992097 0.757695 
0.759665 -0.474915 -0.869450 

-0.707195 -0.906622 -0.595311 
0.110941 -0.445946 0.491332 
-0.796304 -0.718317 -0.712158 

0.553153 0.459020 0.899489 
-0.119669 0.204162 0.947528 
-0.242671 -0.200448 0.425596 

0.401506 0.703292 0.544613 
-0.321832 0.123220 0.891694 
-0.636711 -0.464953 0.899000 

-0.880302 -0.706461 -0.577297 
-0.750749 -0.413854 -0.484039 
-0.346110 0.696939 0.069951 


-1.868811
-0.185440 0.705631 -0.507628 
-0.483107 0.248970 0.169401 
0.639308 0.139613 0.532183 

-0.827044 0.037429 0.651961 
-0.533222 0.460733 0.901841 
0.053607 0.977371 -0.443955 

-0.250881 0.045542 -0.300423 
-0.350673 -0.603057 0.132601 
-0.897291 0.207401 0.464495 

-0.562383 0.222403 0.743783 
0.528085 -0.964744 0.447671 
-0.981128 -0.449490 -0.304532 

0.188742 -0.810776 0.834677 
-0.279887 -0.638267 -0.128103 
-0.628463 -0.171598 -0.667586 

-0.727234 0.881822 -0.690773 
-0.172239 -0.368831 0.354810 
0.527140 0.280195 0.750958 

-0.342536 0.381176 -0.043447 
-0.879045 0.817206 -0.822549 
0.863623 0.344029 -0.788155 

0.310812 0.362507 -0.237811 
-0.993851 -0.449748 -0.048594 
0.840900 0.270408 0.313756 

-0.286526 0.641767 -0.859035 
0.044737 0.913051 -0.978929 
0.351824 -0.260939 -0.349622 

-0.295430 -0.735422 0.928906 
-0.545768 -0.078007 0.309994 
0.410915 0.043051 0.127316 


-3.446304
-0.528134 0.800311 -0.782695 
0.834187 -0.437726 -0.776662 
-0.615811 0.513066 -0.936100 

0.653656 -0.174378 -0.223523 
0.294720 -0.033357 0.820792 
0.207723 -0.012164 0.172386 

0.946393 0.637783 0.876903 
-0.789051 0.566890 -0.668931 
0.132966 -0.122980 0.741627 

-0.824047 -0.996051 0.329049 
0.082331 -0.524938 0.128802 
0.299423 -0.691300 0.690744 

0.522895 -0.307484 0.203638 
0.586647 -0.653876 -0.970712 
-0.637172 0.640835 -0.003988 

-0.816474 -0.151216 0.983688 
0.355588 -0.204816 0.621259 
0.232018 0.005898 0.187510 

0.561838 -0.861839 -0.936146 
0.302862 -0.686195 -0.932360 
-0.368136 0.395885 -0.457360 

0.760676 -0.304837 -0.148633 
0.451400 -0.782205 0.544252 
-0.344827 0.804627 0.890494 

-0.315428 -0.832857 0.530604 
0.680013 -0.649851 -0.621367 
0.662815 0.705139 0.173056 

0.283334 -0.063488 -0.821620 
-0.529418 -0.501642 -0.683453 
-0.465548 0.801238 -0.369631 


0.487708
0.996804 0.646300 -0.059842 
0.540534 -0.699119 -0.255740 
0.430367 -0.015062 -0.089022 

-0.039436 -0.335444 0.261179 
0.339230 -0.672695 -0.033394 
-0.487525 0.610960 0.903411 

-0.309197 -0.918749 -0.598830 
0.007335 -0.384325 -0.797645 
0.637686 0.217740 -0.364600 

0.664122 -0.637406 -0.170680 
-0.614444 -0.641635 -0.525781 
0.324701 0.898391 -0.225473 

-0.930654 0.329087 0.759752 
-0.020283 -0.710905 -0.576099 
-0.759926 0.628079 -0.248929 

0.204907 -0.860906 -0.639665 
0.107243 -0.170420 -0.558855 
0.508001 0.836478 0.056047 

0.708930 0.472895 -0.727468 
-0.656302 0.136329 -0.365662 
0.172184 0.521157 -0.007895 

0.645817 -0.154913 -0.110453 
-0.580434 -0.087499 -0.783263 
-0.822212 0.890487 -0.495661 

-0.399503 -0.871026 -0.869498 
0.349542 0.333057 -0.731316 
0.708979 -0.560563 0.097235 

-0.851077 0.946667 -0.066929 
0.204091 0.655295 -0.594190 
0.476467 0.998694 0.541959 


-1.646066
0.907964 0.992005 0.235271 
-0.179841 -0.791707 0.412736 
-0.289839 -0.287948 -0.987374 

-0.161938 -0.157987 0.361866 
-0.829236 0.110521 0.070386 
-0.390098 -0.792346 0.218970 

-0.444176 0.140242 -0.576943 
-0.789544 0.545559 0.899275 
-0.791395 0.086906 -0.990547 

0.378911 -0.851264 0.110842 
-0.805419 -0.944319 0.102191 
0.429658 -0.125003 0.310064 

-0.157447 0.584452 -0.978180 
-0.144974 -0.577530 -0.136130 
-0.783377 -0.406767 0.974501 

0.287305 0.203978 -0.817376 
-0.493738 0.759859 0.322600 
-0.071077 0.970307 -0.132348 

-0.173285 -0.822103 0.953499 
-0.164541 0.556557 -0.897917 
0.946233 0.750946 -0.842293 

0.048387 0.180463 0.032744 
-0.641619 -0.977307 -0.382715 
-0.619855 -0.122363 0.039837 

0.244324 0.094277 0.632777 
0.218441 -0.619002 -0.164174 
0.400111 -0.113448 -0.405292 

-0.278229 0.814682 -0.435970 
0.588797 -0.358613 -0.258075 
0.542294 0.476849 -0.701520 


-3.016689
-0.164799 -0.169605 0.252829 
0.452236 0.210407 -0.869860 
-0.508373 -0.545923 0.224240 

-0.876055 0.672166 0.605503 
-0.039948 0.072265 -0.507888 
0.554899 0.794178 -0.693106 

-0.881512 0.382480 -0.052041 
-0.139567 -0.075199 -0.575033 
0.158941 -0.430832 0.848193 

0.208718 -0.628755 -0.680772 
-0.561536 0.205761 0.149024 
0.690963 -0.342736 -0.641033 

0.821269 0.148476 -0.187182 
0.045180 0.272359 -0.514993 
-0.349609 -0.767630 0.557124 

0.142356 0.787418 0.351408 
0.448994 0.906002 -0.266418 
-0.603355 -0.233878 0.658153 

-0.179282 0.924348 -0.773452 
-0.331594 0.132639 -0.402468 
-0.012444 0.570813 0.803124 

-0.863450 0.261523 -0.539620 
-0.504500 0.082521 0.609075 
0.308526 -0.872368 -0.118459 

0.793653 -0.222188 0.113248 
0.350310 0.919537 -0.100197 
-0.299506 0.367770 -0.195121 

0.433286 0.763845 0.570334 
0.090852 -0.415446 0.494690 
0.317446 0.252976 -0.372654 


