10 1 2
-0.800000
-1.000000 1.000000 
-1.000000 1.000000 


-0.800000
1.000000 1.000000 
-1.000000 -1.000000 


-0.800000
1.000000 -1.000000 
1.000000 -1.000000 


-0.800000
-1.000000 -1.000000 
1.000000 1.000000 


0.400000
-1.000000 -1.000000 
-1.000000 -1.000000 


-3.500000
1.000000 1.000000 
1.000000 1.000000 


-0.300000
-1.000000 -1.000000 
1.000000 -1.000000 


-0.300000
1.000000 -1.000000 
-1.000000 -1.000000 


-0.300000
-1.000000 -1.000000 
-1.000000 1.000000 


-0.300000
-1.000000 1.000000 
-1.000000 -1.000000 


